########################################################################################
#SPTpol TT, EE, and TE bandpowers and bandpower errors.
#Data presented in Table 2 of Henning et al., 2017.
#No calibration or beam uncertainty is included.
#
#Columns are (1) ell_min, (2) ell_max
#(3) TT ell_center, (4) TT in D_ell [uK^2], (5) TT error in D_ell [uK^2]
#(6) EE ell_center, (7) EE in D_ell [uK^2], (8) EE error in D_ell [uK^2]
#(9) TE ell_center, (10) TE in D_ell [uK^2], (11) TE error in D_ell [uK^2]
#
#Generated 2017/06/22
########################################################################################
50.0	100.0	75.8	1341.6	469.8	75.8	0.4	0.1	76.0	-7.0	5.5	
100.0	150.0	124.5	5187.0	530.8	124.8	1.0	0.2	124.7	-53.6	7.5	
150.0	200.0	174.7	4785.2	588.8	174.7	0.7	0.1	174.7	-36.7	6.6	
200.0	250.0	224.6	6397.1	639.4	224.6	0.7	0.2	224.6	24.9	6.5	
250.0	300.0	274.5	4226.3	447.3	274.6	4.4	0.5	274.6	92.0	12.1	
300.0	350.0	324.5	3551.0	298.2	324.5	15.3	1.2	324.5	142.4	14.0	
350.0	400.0	374.5	1767.6	167.4	374.5	20.9	1.6	374.5	38.2	11.5	
400.0	450.0	424.4	1941.2	142.4	424.5	16.8	1.4	424.5	-33.5	10.3	
450.0	500.0	474.5	2157.1	151.3	474.5	11.1	0.8	474.5	-61.4	8.7	
500.0	550.0	524.5	2634.1	164.8	524.4	7.1	0.5	524.5	-33.6	6.2	
550.0	600.0	574.5	2349.0	144.5	574.6	12.2	0.9	574.5	10.9	7.9	
600.0	650.0	624.4	2102.6	125.3	624.5	29.9	1.7	624.5	10.2	9.9	
650.0	700.0	674.5	1903.2	108.7	674.5	38.2	2.2	674.5	-62.0	11.3	
700.0	750.0	724.5	2143.2	109.3	724.5	33.7	1.8	724.5	-122.4	10.6	
750.0	800.0	774.6	2466.3	128.9	774.5	20.4	1.1	774.5	-124.8	9.6	
800.0	850.0	824.5	2555.5	131.7	824.4	11.7	0.7	824.5	-48.1	7.8	
850.0	900.0	874.5	2160.0	111.1	874.5	18.4	0.9	874.5	31.6	7.4	
900.0	950.0	924.5	1556.4	81.2	924.5	28.2	1.7	924.5	45.2	8.1	
950.0	1000.0	974.5	1301.6	61.6	974.5	39.8	1.8	974.5	12.0	7.9	
1000.0	1050.0	1024.5	1062.9	53.9	1024.5	36.3	1.8	1024.5	-64.4	7.4	
1050.0	1100.0	1074.5	1161.7	56.9	1074.5	25.4	1.3	1074.5	-69.7	6.4	
1100.0	1150.0	1124.5	1228.0	58.0	1124.4	13.8	0.8	1124.5	-49.2	5.0	
1150.0	1200.0	1174.6	1152.2	51.6	1174.4	13.0	0.6	1174.5	-14.7	4.0	
1200.0	1250.0	1224.5	902.7	39.8	1224.5	20.5	1.0	1224.5	12.5	4.3	
1250.0	1300.0	1274.5	773.8	33.0	1274.5	29.0	1.3	1274.5	-19.0	4.4	
1300.0	1350.0	1324.4	695.6	32.2	1324.5	30.0	1.3	1324.5	-46.8	4.7	
1350.0	1400.0	1374.4	724.8	31.4	1374.5	22.5	1.0	1374.5	-54.8	4.0	
1400.0	1450.0	1424.5	818.2	30.2	1424.5	12.5	0.6	1424.5	-39.3	3.4	
1450.0	1500.0	1474.5	722.0	30.2	1474.5	10.2	0.6	1474.5	-10.8	2.9	
1500.0	1550.0	1524.5	622.1	22.3	1524.5	15.0	0.7	1524.5	4.3	2.8	
1550.0	1600.0	1574.5	473.5	17.6	1574.5	19.2	0.8	1574.5	4.3	2.5	
1600.0	1650.0	1624.4	383.4	16.4	1624.4	21.3	0.8	1624.4	-13.7	2.8	
1650.0	1700.0	1674.5	401.0	15.0	1674.4	15.2	0.7	1674.5	-27.1	2.5	
1700.0	1750.0	1724.5	389.3	15.8	1724.4	11.1	0.6	1724.5	-25.0	2.1	
1750.0	1800.0	1774.4	403.5	14.9	1774.5	7.3	0.5	1774.4	-13.6	1.8	
1800.0	1850.0	1824.5	362.7	12.2	1824.5	8.4	0.5	1824.5	-6.5	1.6	
1850.0	1900.0	1874.5	260.4	10.3	1874.5	9.8	0.5	1874.5	-1.2	1.7	
1900.0	1950.0	1924.5	254.2	9.0	1924.5	11.3	0.6	1924.5	-13.7	1.6	
1950.0	2000.0	1974.5	239.5	8.1	1974.5	10.9	0.5	1974.5	-19.5	1.6	
2000.0	2100.0	2049.5	240.6	6.2	2049.5	6.7	0.3	2049.5	-15.3	1.0	
2100.0	2200.0	2149.4	186.1	4.9	2149.5	5.2	0.3	2149.5	-4.0	0.8	
2200.0	2300.0	2249.5	144.5	4.5	2249.5	5.9	0.3	2249.5	-4.8	0.8	
2300.0	2400.0	2349.5	131.2	3.9	2349.5	4.1	0.3	2349.5	-7.5	0.7	
2400.0	2500.0	2449.5	108.8	3.1	2449.5	2.8	0.2	2449.5	-1.9	0.6	
2500.0	2600.0	2549.5	89.6	2.2	2549.5	3.0	0.3	2549.5	-3.0	0.5	
2600.0	2700.0	2649.5	80.2	2.0	2649.5	1.8	0.3	2649.5	-4.8	0.5	
2700.0	2800.0	2749.5	69.4	1.8	2749.5	1.6	0.3	2749.5	-1.8	0.5	
2800.0	2900.0	2849.5	58.0	1.5	2849.5	1.5	0.3	2849.5	-1.9	0.5	
2900.0	3000.0	2949.5	54.3	1.4	2949.5	0.9	0.3	2949.5	-2.2	0.5	
3000.0	3500.0	3249.5	45.4	0.6	3249.5	0.4	0.2	3249.5	-0.4	0.2	
3500.0	4000.0	3749.5	41.1	0.7	3749.5	0.2	0.3	3749.5	-0.7	0.3	
4000.0	4500.0	4249.5	44.7	0.9	4249.5	-0.1	0.3	4249.5	-0.0	0.3	
4500.0	5000.0	4749.5	52.2	0.7	4749.5	0.0	0.5	4749.5	0.1	0.4	
5000.0	6000.0	5499.5	66.0	0.6	5499.5	-0.7	0.5	5499.5	-0.4	0.4	
6000.0	7000.0	6499.5	89.4	1.1	6499.5	2.6	1.0	6499.5	0.5	0.7	
7000.0	8000.0	7499.5	115.7	1.4	7499.5	-1.0	1.8	7499.5	-0.0	1.0	
